1  801 201001 2750  5    13750
2  801 202001 1180  10   11800
3  801 203001 17800 1    17800
4  801 210001 870   6    5220
1  802 201002 5400  3    16200
2  802 204001 4400  2    8800
3  802 205001 3150  2    6300
4  802 210002 1180  1    1180
1  803 206001 2050  2    4100
2  803 206002 5500  1    5500
3  803 207001 4150  4    16600
1  804 208001 3550  2    7100
2  804 210003 935   8    7480
1  805 203002 27600 1    27600
2  805 201002 5400  2    10800
3  805 204002 8750  2    17500
4  805 210001 870   1    870
1  806 207002 7700  1    7700
2  806 208001 3550  3    10650
1  807 203003 41500 1    41500
1  808 201001 2750  3    8250
2  808 209001 4700  1    4700
1  809 202002 3750  4    15000
2  809 210002 1180  6    7080
1  810 205001 3150  2    6300
2  810 210003 935   4    3740
1  811 207003 5400  4    21600
2  811 208002 8300  1    8300
3  811 209001 4700  1    4700
1  812 201002 5400  1    5400
2  812 204001 4400  3    13200
1  813 203002 27600 1    27600
2  813 203001 17800 1    17800
3  813 208002 8300  2    16600
4  813 210001 870   1    870
1  814 202003 6400  2    12800
2  814 206002 5500  3    16500
1  815 207001 4150  2    8300
2  815 209001 4700  2    9400
3  815 210003 935   2    1870
1  816 203003 41500 1    41500
2  816 201002 5400  1    5400
1  817 204002 8750  2    17500
2  817 208001 3550  4    14200
3  817 210002 1180  2    2360
1  818 201001 2750  3    8250
2  818 202001 1180  6    7080
1  819 207002 7700  1    7700
2  819 209002 11800 1    11800
3  819 210001 870   2    1740
1  820 203002 27600 2    55200
1  821 207003 5400  3    16200
2  821 208002 8300  2    16600
3  821 210003 935   6    5610
1  822 201001 2750  4    11000
2  822 210002 1180  1    1180
1  823 203001 17800 1    17800
2  823 202002 3750  5    18750
3  823 204001 4400  2    8800
1  824 207001 4150  4    16600
2  824 209001 4700  2    9400
3  824 210001 870   3    2610
1  825 203003 41500 1    41500
2  825 203002 27600 1    27600
3  825 204002 8750  1    8750
1  826 201001 2750  5    13750
2  826 210003 935   2    1870
1  827 207002 7700  4    30800
2  827 208002 8300  2    16600
3  827 210002 1180  5    5900
1  828 202002 3750  3    11250
2  828 209001 4700  3    14100
1  829 205001 3150  6    18900
2  829 206001 2050  4    8200
3  829 210001 870   5    4350
1  830 201002 5400  2    10800
2  830 210003 935   8    7480
1  831 203001 17800 1    17800
2  831 202003 6400  3    19200
3  831 208001 3550  2    7100
1  832 207003 5400  3    16200
2  832 209002 11800 1    11800
1  833 203002 27600 1    27600
2  833 204002 8750  1    8750
3  833 208002 8300  3    24900
1  834 201002 5400  4    21600
2  834 206002 5500  2    11000
3  834 210002 1180  2    2360
1  835 207001 4150  2    8300
2  835 209001 4700  2    9400
1  836 203003 41500 1    41500
2  836 203002 27600 1    27600
3  836 208002 8300  1    8300
4  836 210001 870   12   10440
1  837 202002 3750  4    15000
2  837 205001 3150  2    6300
3  837 210003 935   2    1870
1  838 201001 2750  3    8250
2  838 204002 8750  2    17500
3  838 210001 870   5    4350
1  839 203001 17800 1    17800
2  839 207002 7700  2    15400
1  840 202002 3750  6    22500
2  840 209002 11800 1    11800
3  840 210003 935   4    3740
1  841 208002 8300  2    16600
2  841 206001 2050  3    6150
3  841 201002 5400  1    5400